{
 "cells": [
  {
   "cell_type": "code",
   "execution_count": 1,
   "id": "7f9074ca",
   "metadata": {},
   "outputs": [
    {
     "name": "stdout",
     "output_type": "stream",
     "text": [
      "Requirement already satisfied: pydataset in c:\\users\\manish\\anaconda3\\lib\\site-packages (0.2.0)\n",
      "Requirement already satisfied: pandas in c:\\users\\manish\\anaconda3\\lib\\site-packages (from pydataset) (1.3.4)\n",
      "Requirement already satisfied: numpy>=1.17.3 in c:\\users\\manish\\anaconda3\\lib\\site-packages (from pandas->pydataset) (1.20.3)\n",
      "Requirement already satisfied: python-dateutil>=2.7.3 in c:\\users\\manish\\anaconda3\\lib\\site-packages (from pandas->pydataset) (2.7.5)\n",
      "Requirement already satisfied: pytz>=2017.3 in c:\\users\\manish\\anaconda3\\lib\\site-packages (from pandas->pydataset) (2021.3)\n",
      "Note: you may need to restart the kernel to use updated packages.\n",
      "Requirement already satisfied: six>=1.5 in c:\\users\\manish\\anaconda3\\lib\\site-packages (from python-dateutil>=2.7.3->pandas->pydataset) (1.16.0)\n"
     ]
    },
    {
     "name": "stderr",
     "output_type": "stream",
     "text": [
      "\n",
      "[notice] A new release of pip is available: 23.0 -> 23.0.1\n",
      "[notice] To update, run: python.exe -m pip install --upgrade pip\n"
     ]
    }
   ],
   "source": [
    "pip install pydataset"
   ]
  },
  {
   "cell_type": "code",
   "execution_count": 29,
   "id": "498e121d",
   "metadata": {},
   "outputs": [
    {
     "data": {
      "text/html": [
       "<div>\n",
       "<style scoped>\n",
       "    .dataframe tbody tr th:only-of-type {\n",
       "        vertical-align: middle;\n",
       "    }\n",
       "\n",
       "    .dataframe tbody tr th {\n",
       "        vertical-align: top;\n",
       "    }\n",
       "\n",
       "    .dataframe thead th {\n",
       "        text-align: right;\n",
       "    }\n",
       "</style>\n",
       "<table border=\"1\" class=\"dataframe\">\n",
       "  <thead>\n",
       "    <tr style=\"text-align: right;\">\n",
       "      <th></th>\n",
       "      <th>dataset_id</th>\n",
       "      <th>title</th>\n",
       "    </tr>\n",
       "  </thead>\n",
       "  <tbody>\n",
       "    <tr>\n",
       "      <th>0</th>\n",
       "      <td>AirPassengers</td>\n",
       "      <td>Monthly Airline Passenger Numbers 1949-1960</td>\n",
       "    </tr>\n",
       "    <tr>\n",
       "      <th>1</th>\n",
       "      <td>BJsales</td>\n",
       "      <td>Sales Data with Leading Indicator</td>\n",
       "    </tr>\n",
       "    <tr>\n",
       "      <th>2</th>\n",
       "      <td>BOD</td>\n",
       "      <td>Biochemical Oxygen Demand</td>\n",
       "    </tr>\n",
       "    <tr>\n",
       "      <th>3</th>\n",
       "      <td>Formaldehyde</td>\n",
       "      <td>Determination of Formaldehyde</td>\n",
       "    </tr>\n",
       "    <tr>\n",
       "      <th>4</th>\n",
       "      <td>HairEyeColor</td>\n",
       "      <td>Hair and Eye Color of Statistics Students</td>\n",
       "    </tr>\n",
       "    <tr>\n",
       "      <th>...</th>\n",
       "      <td>...</td>\n",
       "      <td>...</td>\n",
       "    </tr>\n",
       "    <tr>\n",
       "      <th>752</th>\n",
       "      <td>VerbAgg</td>\n",
       "      <td>Verbal Aggression item responses</td>\n",
       "    </tr>\n",
       "    <tr>\n",
       "      <th>753</th>\n",
       "      <td>cake</td>\n",
       "      <td>Breakage Angle of Chocolate Cakes</td>\n",
       "    </tr>\n",
       "    <tr>\n",
       "      <th>754</th>\n",
       "      <td>cbpp</td>\n",
       "      <td>Contagious bovine pleuropneumonia</td>\n",
       "    </tr>\n",
       "    <tr>\n",
       "      <th>755</th>\n",
       "      <td>grouseticks</td>\n",
       "      <td>Data on red grouse ticks from Elston et al. 2001</td>\n",
       "    </tr>\n",
       "    <tr>\n",
       "      <th>756</th>\n",
       "      <td>sleepstudy</td>\n",
       "      <td>Reaction times in a sleep deprivation study</td>\n",
       "    </tr>\n",
       "  </tbody>\n",
       "</table>\n",
       "<p>757 rows × 2 columns</p>\n",
       "</div>"
      ],
      "text/plain": [
       "        dataset_id                                             title\n",
       "0    AirPassengers       Monthly Airline Passenger Numbers 1949-1960\n",
       "1          BJsales                 Sales Data with Leading Indicator\n",
       "2              BOD                         Biochemical Oxygen Demand\n",
       "3     Formaldehyde                     Determination of Formaldehyde\n",
       "4     HairEyeColor         Hair and Eye Color of Statistics Students\n",
       "..             ...                                               ...\n",
       "752        VerbAgg                  Verbal Aggression item responses\n",
       "753           cake                 Breakage Angle of Chocolate Cakes\n",
       "754           cbpp                 Contagious bovine pleuropneumonia\n",
       "755    grouseticks  Data on red grouse ticks from Elston et al. 2001\n",
       "756     sleepstudy       Reaction times in a sleep deprivation study\n",
       "\n",
       "[757 rows x 2 columns]"
      ]
     },
     "execution_count": 29,
     "metadata": {},
     "output_type": "execute_result"
    }
   ],
   "source": [
    "from pydataset import data\n",
    "import pandas as pd\n",
    "from sklearn.naive_bayes import GaussianNB\n",
    "from sklearn.metrics import classification_report\n",
    "from sklearn.model_selection import train_test_split\n",
    "data()"
   ]
  },
  {
   "cell_type": "code",
   "execution_count": 9,
   "id": "9009fbf9",
   "metadata": {},
   "outputs": [
    {
     "data": {
      "text/html": [
       "<div>\n",
       "<style scoped>\n",
       "    .dataframe tbody tr th:only-of-type {\n",
       "        vertical-align: middle;\n",
       "    }\n",
       "\n",
       "    .dataframe tbody tr th {\n",
       "        vertical-align: top;\n",
       "    }\n",
       "\n",
       "    .dataframe thead th {\n",
       "        text-align: right;\n",
       "    }\n",
       "</style>\n",
       "<table border=\"1\" class=\"dataframe\">\n",
       "  <thead>\n",
       "    <tr style=\"text-align: right;\">\n",
       "      <th></th>\n",
       "      <th>sex</th>\n",
       "      <th>age</th>\n",
       "      <th>income</th>\n",
       "      <th>insurance</th>\n",
       "      <th>illness</th>\n",
       "      <th>actdays</th>\n",
       "      <th>hscore</th>\n",
       "      <th>chcond</th>\n",
       "      <th>doctorco</th>\n",
       "      <th>nondocco</th>\n",
       "      <th>hospadmi</th>\n",
       "      <th>hospdays</th>\n",
       "      <th>medecine</th>\n",
       "      <th>prescrib</th>\n",
       "      <th>nonpresc</th>\n",
       "    </tr>\n",
       "  </thead>\n",
       "  <tbody>\n",
       "    <tr>\n",
       "      <th>1</th>\n",
       "      <td>1</td>\n",
       "      <td>0.19</td>\n",
       "      <td>0.55</td>\n",
       "      <td>levyplus</td>\n",
       "      <td>1</td>\n",
       "      <td>4</td>\n",
       "      <td>1</td>\n",
       "      <td>np</td>\n",
       "      <td>1</td>\n",
       "      <td>0</td>\n",
       "      <td>0</td>\n",
       "      <td>0</td>\n",
       "      <td>1</td>\n",
       "      <td>1</td>\n",
       "      <td>0</td>\n",
       "    </tr>\n",
       "    <tr>\n",
       "      <th>2</th>\n",
       "      <td>1</td>\n",
       "      <td>0.19</td>\n",
       "      <td>0.45</td>\n",
       "      <td>levyplus</td>\n",
       "      <td>1</td>\n",
       "      <td>2</td>\n",
       "      <td>1</td>\n",
       "      <td>np</td>\n",
       "      <td>1</td>\n",
       "      <td>0</td>\n",
       "      <td>0</td>\n",
       "      <td>0</td>\n",
       "      <td>2</td>\n",
       "      <td>1</td>\n",
       "      <td>1</td>\n",
       "    </tr>\n",
       "    <tr>\n",
       "      <th>3</th>\n",
       "      <td>0</td>\n",
       "      <td>0.19</td>\n",
       "      <td>0.90</td>\n",
       "      <td>medlevy</td>\n",
       "      <td>3</td>\n",
       "      <td>0</td>\n",
       "      <td>0</td>\n",
       "      <td>np</td>\n",
       "      <td>1</td>\n",
       "      <td>0</td>\n",
       "      <td>1</td>\n",
       "      <td>4</td>\n",
       "      <td>2</td>\n",
       "      <td>1</td>\n",
       "      <td>1</td>\n",
       "    </tr>\n",
       "    <tr>\n",
       "      <th>4</th>\n",
       "      <td>0</td>\n",
       "      <td>0.19</td>\n",
       "      <td>0.15</td>\n",
       "      <td>medlevy</td>\n",
       "      <td>1</td>\n",
       "      <td>0</td>\n",
       "      <td>0</td>\n",
       "      <td>np</td>\n",
       "      <td>1</td>\n",
       "      <td>0</td>\n",
       "      <td>0</td>\n",
       "      <td>0</td>\n",
       "      <td>0</td>\n",
       "      <td>0</td>\n",
       "      <td>0</td>\n",
       "    </tr>\n",
       "    <tr>\n",
       "      <th>5</th>\n",
       "      <td>0</td>\n",
       "      <td>0.19</td>\n",
       "      <td>0.45</td>\n",
       "      <td>medlevy</td>\n",
       "      <td>2</td>\n",
       "      <td>5</td>\n",
       "      <td>1</td>\n",
       "      <td>la</td>\n",
       "      <td>1</td>\n",
       "      <td>0</td>\n",
       "      <td>0</td>\n",
       "      <td>0</td>\n",
       "      <td>3</td>\n",
       "      <td>1</td>\n",
       "      <td>2</td>\n",
       "    </tr>\n",
       "  </tbody>\n",
       "</table>\n",
       "</div>"
      ],
      "text/plain": [
       "   sex   age  income insurance  illness  actdays  hscore chcond  doctorco  \\\n",
       "1    1  0.19    0.55  levyplus        1        4       1     np         1   \n",
       "2    1  0.19    0.45  levyplus        1        2       1     np         1   \n",
       "3    0  0.19    0.90   medlevy        3        0       0     np         1   \n",
       "4    0  0.19    0.15   medlevy        1        0       0     np         1   \n",
       "5    0  0.19    0.45   medlevy        2        5       1     la         1   \n",
       "\n",
       "   nondocco  hospadmi  hospdays  medecine  prescrib  nonpresc  \n",
       "1         0         0         0         1         1         0  \n",
       "2         0         0         0         2         1         1  \n",
       "3         0         1         4         2         1         1  \n",
       "4         0         0         0         0         0         0  \n",
       "5         0         0         0         3         1         2  "
      ]
     },
     "execution_count": 9,
     "metadata": {},
     "output_type": "execute_result"
    }
   ],
   "source": [
    "df =data(\"DoctorAUS\")\n",
    "df.head()"
   ]
  },
  {
   "cell_type": "code",
   "execution_count": 10,
   "id": "d8e8626e",
   "metadata": {},
   "outputs": [
    {
     "data": {
      "text/html": [
       "<div>\n",
       "<style scoped>\n",
       "    .dataframe tbody tr th:only-of-type {\n",
       "        vertical-align: middle;\n",
       "    }\n",
       "\n",
       "    .dataframe tbody tr th {\n",
       "        vertical-align: top;\n",
       "    }\n",
       "\n",
       "    .dataframe thead th {\n",
       "        text-align: right;\n",
       "    }\n",
       "</style>\n",
       "<table border=\"1\" class=\"dataframe\">\n",
       "  <thead>\n",
       "    <tr style=\"text-align: right;\">\n",
       "      <th></th>\n",
       "      <th>sex</th>\n",
       "      <th>age</th>\n",
       "      <th>income</th>\n",
       "      <th>illness</th>\n",
       "      <th>actdays</th>\n",
       "      <th>hscore</th>\n",
       "      <th>doctorco</th>\n",
       "      <th>nondocco</th>\n",
       "      <th>hospadmi</th>\n",
       "      <th>hospdays</th>\n",
       "      <th>medecine</th>\n",
       "      <th>prescrib</th>\n",
       "      <th>nonpresc</th>\n",
       "    </tr>\n",
       "  </thead>\n",
       "  <tbody>\n",
       "    <tr>\n",
       "      <th>sex</th>\n",
       "      <td>1.000000</td>\n",
       "      <td>0.281136</td>\n",
       "      <td>-0.276606</td>\n",
       "      <td>0.134814</td>\n",
       "      <td>0.041046</td>\n",
       "      <td>0.057420</td>\n",
       "      <td>0.078637</td>\n",
       "      <td>0.075937</td>\n",
       "      <td>0.037183</td>\n",
       "      <td>0.026237</td>\n",
       "      <td>0.267897</td>\n",
       "      <td>0.270397</td>\n",
       "      <td>0.048157</td>\n",
       "    </tr>\n",
       "    <tr>\n",
       "      <th>age</th>\n",
       "      <td>0.281136</td>\n",
       "      <td>1.000000</td>\n",
       "      <td>-0.271073</td>\n",
       "      <td>0.204984</td>\n",
       "      <td>0.094745</td>\n",
       "      <td>0.018616</td>\n",
       "      <td>0.124537</td>\n",
       "      <td>0.118061</td>\n",
       "      <td>0.071902</td>\n",
       "      <td>0.115854</td>\n",
       "      <td>0.376949</td>\n",
       "      <td>0.432989</td>\n",
       "      <td>-0.036589</td>\n",
       "    </tr>\n",
       "    <tr>\n",
       "      <th>income</th>\n",
       "      <td>-0.276606</td>\n",
       "      <td>-0.271073</td>\n",
       "      <td>1.000000</td>\n",
       "      <td>-0.148812</td>\n",
       "      <td>-0.047545</td>\n",
       "      <td>-0.085790</td>\n",
       "      <td>-0.076840</td>\n",
       "      <td>-0.065338</td>\n",
       "      <td>-0.073705</td>\n",
       "      <td>-0.087712</td>\n",
       "      <td>-0.160023</td>\n",
       "      <td>-0.195039</td>\n",
       "      <td>0.037836</td>\n",
       "    </tr>\n",
       "    <tr>\n",
       "      <th>illness</th>\n",
       "      <td>0.134814</td>\n",
       "      <td>0.204984</td>\n",
       "      <td>-0.148812</td>\n",
       "      <td>1.000000</td>\n",
       "      <td>0.218116</td>\n",
       "      <td>0.360110</td>\n",
       "      <td>0.223552</td>\n",
       "      <td>0.114348</td>\n",
       "      <td>0.150823</td>\n",
       "      <td>0.118544</td>\n",
       "      <td>0.456117</td>\n",
       "      <td>0.422596</td>\n",
       "      <td>0.157048</td>\n",
       "    </tr>\n",
       "    <tr>\n",
       "      <th>actdays</th>\n",
       "      <td>0.041046</td>\n",
       "      <td>0.094745</td>\n",
       "      <td>-0.047545</td>\n",
       "      <td>0.218116</td>\n",
       "      <td>1.000000</td>\n",
       "      <td>0.280208</td>\n",
       "      <td>0.418954</td>\n",
       "      <td>0.226977</td>\n",
       "      <td>0.258456</td>\n",
       "      <td>0.189180</td>\n",
       "      <td>0.246586</td>\n",
       "      <td>0.251440</td>\n",
       "      <td>0.039255</td>\n",
       "    </tr>\n",
       "    <tr>\n",
       "      <th>hscore</th>\n",
       "      <td>0.057420</td>\n",
       "      <td>0.018616</td>\n",
       "      <td>-0.085790</td>\n",
       "      <td>0.360110</td>\n",
       "      <td>0.280208</td>\n",
       "      <td>1.000000</td>\n",
       "      <td>0.193272</td>\n",
       "      <td>0.121585</td>\n",
       "      <td>0.165882</td>\n",
       "      <td>0.118399</td>\n",
       "      <td>0.225632</td>\n",
       "      <td>0.199796</td>\n",
       "      <td>0.096075</td>\n",
       "    </tr>\n",
       "    <tr>\n",
       "      <th>doctorco</th>\n",
       "      <td>0.078637</td>\n",
       "      <td>0.124537</td>\n",
       "      <td>-0.076840</td>\n",
       "      <td>0.223552</td>\n",
       "      <td>0.418954</td>\n",
       "      <td>0.193272</td>\n",
       "      <td>1.000000</td>\n",
       "      <td>0.148052</td>\n",
       "      <td>0.248410</td>\n",
       "      <td>0.141771</td>\n",
       "      <td>0.273022</td>\n",
       "      <td>0.307779</td>\n",
       "      <td>-0.014914</td>\n",
       "    </tr>\n",
       "    <tr>\n",
       "      <th>nondocco</th>\n",
       "      <td>0.075937</td>\n",
       "      <td>0.118061</td>\n",
       "      <td>-0.065338</td>\n",
       "      <td>0.114348</td>\n",
       "      <td>0.226977</td>\n",
       "      <td>0.121585</td>\n",
       "      <td>0.148052</td>\n",
       "      <td>1.000000</td>\n",
       "      <td>0.152082</td>\n",
       "      <td>0.171403</td>\n",
       "      <td>0.152600</td>\n",
       "      <td>0.163349</td>\n",
       "      <td>0.008903</td>\n",
       "    </tr>\n",
       "    <tr>\n",
       "      <th>hospadmi</th>\n",
       "      <td>0.037183</td>\n",
       "      <td>0.071902</td>\n",
       "      <td>-0.073705</td>\n",
       "      <td>0.150823</td>\n",
       "      <td>0.258456</td>\n",
       "      <td>0.165882</td>\n",
       "      <td>0.248410</td>\n",
       "      <td>0.152082</td>\n",
       "      <td>1.000000</td>\n",
       "      <td>0.495569</td>\n",
       "      <td>0.200588</td>\n",
       "      <td>0.222882</td>\n",
       "      <td>-0.004515</td>\n",
       "    </tr>\n",
       "    <tr>\n",
       "      <th>hospdays</th>\n",
       "      <td>0.026237</td>\n",
       "      <td>0.115854</td>\n",
       "      <td>-0.087712</td>\n",
       "      <td>0.118544</td>\n",
       "      <td>0.189180</td>\n",
       "      <td>0.118399</td>\n",
       "      <td>0.141771</td>\n",
       "      <td>0.171403</td>\n",
       "      <td>0.495569</td>\n",
       "      <td>1.000000</td>\n",
       "      <td>0.158207</td>\n",
       "      <td>0.180540</td>\n",
       "      <td>-0.012997</td>\n",
       "    </tr>\n",
       "    <tr>\n",
       "      <th>medecine</th>\n",
       "      <td>0.267897</td>\n",
       "      <td>0.376949</td>\n",
       "      <td>-0.160023</td>\n",
       "      <td>0.456117</td>\n",
       "      <td>0.246586</td>\n",
       "      <td>0.225632</td>\n",
       "      <td>0.273022</td>\n",
       "      <td>0.152600</td>\n",
       "      <td>0.200588</td>\n",
       "      <td>0.158207</td>\n",
       "      <td>1.000000</td>\n",
       "      <td>0.889358</td>\n",
       "      <td>0.418126</td>\n",
       "    </tr>\n",
       "    <tr>\n",
       "      <th>prescrib</th>\n",
       "      <td>0.270397</td>\n",
       "      <td>0.432989</td>\n",
       "      <td>-0.195039</td>\n",
       "      <td>0.422596</td>\n",
       "      <td>0.251440</td>\n",
       "      <td>0.199796</td>\n",
       "      <td>0.307779</td>\n",
       "      <td>0.163349</td>\n",
       "      <td>0.222882</td>\n",
       "      <td>0.180540</td>\n",
       "      <td>0.889358</td>\n",
       "      <td>1.000000</td>\n",
       "      <td>-0.043462</td>\n",
       "    </tr>\n",
       "    <tr>\n",
       "      <th>nonpresc</th>\n",
       "      <td>0.048157</td>\n",
       "      <td>-0.036589</td>\n",
       "      <td>0.037836</td>\n",
       "      <td>0.157048</td>\n",
       "      <td>0.039255</td>\n",
       "      <td>0.096075</td>\n",
       "      <td>-0.014914</td>\n",
       "      <td>0.008903</td>\n",
       "      <td>-0.004515</td>\n",
       "      <td>-0.012997</td>\n",
       "      <td>0.418126</td>\n",
       "      <td>-0.043462</td>\n",
       "      <td>1.000000</td>\n",
       "    </tr>\n",
       "  </tbody>\n",
       "</table>\n",
       "</div>"
      ],
      "text/plain": [
       "               sex       age    income   illness   actdays    hscore  \\\n",
       "sex       1.000000  0.281136 -0.276606  0.134814  0.041046  0.057420   \n",
       "age       0.281136  1.000000 -0.271073  0.204984  0.094745  0.018616   \n",
       "income   -0.276606 -0.271073  1.000000 -0.148812 -0.047545 -0.085790   \n",
       "illness   0.134814  0.204984 -0.148812  1.000000  0.218116  0.360110   \n",
       "actdays   0.041046  0.094745 -0.047545  0.218116  1.000000  0.280208   \n",
       "hscore    0.057420  0.018616 -0.085790  0.360110  0.280208  1.000000   \n",
       "doctorco  0.078637  0.124537 -0.076840  0.223552  0.418954  0.193272   \n",
       "nondocco  0.075937  0.118061 -0.065338  0.114348  0.226977  0.121585   \n",
       "hospadmi  0.037183  0.071902 -0.073705  0.150823  0.258456  0.165882   \n",
       "hospdays  0.026237  0.115854 -0.087712  0.118544  0.189180  0.118399   \n",
       "medecine  0.267897  0.376949 -0.160023  0.456117  0.246586  0.225632   \n",
       "prescrib  0.270397  0.432989 -0.195039  0.422596  0.251440  0.199796   \n",
       "nonpresc  0.048157 -0.036589  0.037836  0.157048  0.039255  0.096075   \n",
       "\n",
       "          doctorco  nondocco  hospadmi  hospdays  medecine  prescrib  nonpresc  \n",
       "sex       0.078637  0.075937  0.037183  0.026237  0.267897  0.270397  0.048157  \n",
       "age       0.124537  0.118061  0.071902  0.115854  0.376949  0.432989 -0.036589  \n",
       "income   -0.076840 -0.065338 -0.073705 -0.087712 -0.160023 -0.195039  0.037836  \n",
       "illness   0.223552  0.114348  0.150823  0.118544  0.456117  0.422596  0.157048  \n",
       "actdays   0.418954  0.226977  0.258456  0.189180  0.246586  0.251440  0.039255  \n",
       "hscore    0.193272  0.121585  0.165882  0.118399  0.225632  0.199796  0.096075  \n",
       "doctorco  1.000000  0.148052  0.248410  0.141771  0.273022  0.307779 -0.014914  \n",
       "nondocco  0.148052  1.000000  0.152082  0.171403  0.152600  0.163349  0.008903  \n",
       "hospadmi  0.248410  0.152082  1.000000  0.495569  0.200588  0.222882 -0.004515  \n",
       "hospdays  0.141771  0.171403  0.495569  1.000000  0.158207  0.180540 -0.012997  \n",
       "medecine  0.273022  0.152600  0.200588  0.158207  1.000000  0.889358  0.418126  \n",
       "prescrib  0.307779  0.163349  0.222882  0.180540  0.889358  1.000000 -0.043462  \n",
       "nonpresc -0.014914  0.008903 -0.004515 -0.012997  0.418126 -0.043462  1.000000  "
      ]
     },
     "execution_count": 10,
     "metadata": {},
     "output_type": "execute_result"
    }
   ],
   "source": [
    "df.corr() #predictiing insurance type"
   ]
  },
  {
   "cell_type": "code",
   "execution_count": 56,
   "id": "7e5f92ce",
   "metadata": {},
   "outputs": [],
   "source": [
    "#split into dependent and independent variables\n",
    "x=df[[\"age\",\"income\",\"sex\",\"illness\",\"actdays\",\"hscore\",\"doctorco\",\"nondocco\",\"hospadmi\",\"hospdays\",\"medecine\",\"prescrib\"]]\n",
    "y=df['insurance']"
   ]
  },
  {
   "cell_type": "code",
   "execution_count": 57,
   "id": "4d5a20bb",
   "metadata": {},
   "outputs": [],
   "source": [
    "#splitting data into training and testing\n",
    "x_train,x_test,y_train,y_test=train_test_split(x,y,test_size=0.20,random_state=1)"
   ]
  },
  {
   "cell_type": "code",
   "execution_count": 58,
   "id": "9e36edb9",
   "metadata": {},
   "outputs": [
    {
     "data": {
      "text/plain": [
       "(4152, 12)"
      ]
     },
     "execution_count": 58,
     "metadata": {},
     "output_type": "execute_result"
    }
   ],
   "source": [
    "x_train.shape #check training shape"
   ]
  },
  {
   "cell_type": "code",
   "execution_count": 59,
   "id": "613fd210",
   "metadata": {},
   "outputs": [
    {
     "data": {
      "text/plain": [
       "(1038, 12)"
      ]
     },
     "execution_count": 59,
     "metadata": {},
     "output_type": "execute_result"
    }
   ],
   "source": [
    "x_test.shape #check test shape"
   ]
  },
  {
   "cell_type": "code",
   "execution_count": 60,
   "id": "507e52f3",
   "metadata": {},
   "outputs": [],
   "source": [
    "clf =GaussianNB()"
   ]
  },
  {
   "cell_type": "code",
   "execution_count": 61,
   "id": "9242c593",
   "metadata": {},
   "outputs": [
    {
     "data": {
      "text/plain": [
       "GaussianNB()"
      ]
     },
     "execution_count": 61,
     "metadata": {},
     "output_type": "execute_result"
    }
   ],
   "source": [
    "#training\n",
    "clf.fit(x_train,y_train)"
   ]
  },
  {
   "cell_type": "code",
   "execution_count": 62,
   "id": "44bcb66a",
   "metadata": {},
   "outputs": [
    {
     "data": {
      "text/plain": [
       "array(['medlevy', 'levyplus', 'medlevy', ..., 'medlevy', 'freepor',\n",
       "       'medlevy'], dtype='<U8')"
      ]
     },
     "execution_count": 62,
     "metadata": {},
     "output_type": "execute_result"
    }
   ],
   "source": [
    "y_pr =clf.predict(x_test)\n",
    "y_pr"
   ]
  },
  {
   "cell_type": "code",
   "execution_count": 64,
   "id": "88b15d9c",
   "metadata": {},
   "outputs": [
    {
     "name": "stdout",
     "output_type": "stream",
     "text": [
      "              precision    recall  f1-score   support\n",
      "\n",
      "     freepor       0.23      0.14      0.17        44\n",
      "    freerepa       0.68      0.53      0.60       220\n",
      "    levyplus       0.52      0.35      0.42       455\n",
      "     medlevy       0.47      0.79      0.59       319\n",
      "\n",
      "    accuracy                           0.51      1038\n",
      "   macro avg       0.48      0.45      0.44      1038\n",
      "weighted avg       0.53      0.51      0.50      1038\n",
      "\n"
     ]
    }
   ],
   "source": [
    "print(classification_report(y_test,y_pr))"
   ]
  },
  {
   "cell_type": "code",
   "execution_count": null,
   "id": "ba8af4ac",
   "metadata": {},
   "outputs": [],
   "source": []
  }
 ],
 "metadata": {
  "kernelspec": {
   "display_name": "Python 3 (ipykernel)",
   "language": "python",
   "name": "python3"
  },
  "language_info": {
   "codemirror_mode": {
    "name": "ipython",
    "version": 3
   },
   "file_extension": ".py",
   "mimetype": "text/x-python",
   "name": "python",
   "nbconvert_exporter": "python",
   "pygments_lexer": "ipython3",
   "version": "3.9.13"
  }
 },
 "nbformat": 4,
 "nbformat_minor": 5
}
